21628850085
21628850096
21628850140
21628850199
21628850288
21628850308
21628850386
21628850418
21628850611
21628850704
21628850818
21628850889
21628850900
21628850924
21628850954
21628851072
21628851236
21628851237
21628851260
21628851355
21628851374
21628851478
21628851630
21628851717
21628851869
21628852049
21628852098
21628852146
21628852169
21628852194
21628852218
21628852346
21628852376
21628852479
21628852502
21628852505
21628852545
21628852548
21628852593
21628852598
21628852790
21628852854
21628852916
21628852950
21628853109
21628853153
21628853278
21628853333
21628853389
21628853440
21628853452
21628853485
21628853491
21628853528
21628853537
21628853648
21628853662
21628853667
21628853694
21628853726
21628853758
21628853887
21628853951
21628853980
21628854034
21628854065
21628854091
21628854115
21628854197
21628854216
21628854226
21628854255
21628854275
21628854323
21628854356
21628854373
21628854387
21628854474
21628854556
21628854568
21628854576
21628854691
21628854699
21628854725
21628854807
21628854939
21628855000
21628855035
21628855073
21628855113
21628855151
21628855217
21628855256
21628855282
21628855336
21628855376
21628855474
21628855494
21628855498
21628855531
21628855538
21628855573
21628855605
21628855639
21628855736
21628855745
21628855755
21628855762
21628855771
21628855785
21628855791
21628855812
21628855836
21628855918
21628855957
21628855967
21628856060
21628856119
21628856169
21628856178
21628856227
21628856231
21628856233
21628856268
21628856281
21628856413
21628856419
21628856598
21628856599
21628856600
21628856638
21628856641
21628856642
21628856647
21628856658
21628856690
21628856761
21628856865
21628856892
21628856950
21628856980
21628857013
21628857101
21628857137
21628857144
21628857167
21628857187
21628857310
21628857343
21628857446
21628857447
21628857454
21628857480
21628857502
21628857555
21628857567
21628857658
21628857692
21628857693
21628857695
21628857726
21628857782
21628857790
21628857855
21628857865
21628857909
21628857989
21628858036
21628858136
21628858138
21628858179
21628858185
21628858221
21628858307
21628858308
21628858334
21628858471
21628858528
21628858566
21628858650
21628858661
21628858671
21628858728
21628858755
21628858892
21628859042
21628859061
21628859110
21628859124
21628859169
21628859170
21628859314
21628859421
21628859435
21628859498
21628859765
21628859776
21628859783
21628859841
21628859859